942.4 312.70573531543295 14.717389810656197  
513.2 312.73007404242065 14.200892636612862 -2.4 -8.2
561.4 312.9011630862196 13.222553941939532 -1.6 -10.2
609.6 312.97250958335104 12.781511063117616 -1.4 -11.0
658.0 313.04592469994304 12.837848551617993 -1.1 -10.8
707.5 313.0190255865671 12.726976786471115 -0.8 -10.8
756.6 312.89136210681664 12.613610279359225 -1.8 -10.5
805.5 312.76520912955647 12.4217996941202 -2.4 -10.5
854.6 312.5376964213305 12.388137927181496 -2.8 -9.9
904.0 312.620582534977 12.526308175801551 -2.9 -9.4
954.0 312.49926402817835 12.578292102788097 -2.3 -9.1
1004.1 312.5863224252697 12.557272876474743 -2.2 -9.0
1054.0 312.57212530461607 12.695714547753914 -1.7 -9.4
1104.0 312.66364164027226 12.675699374626447 -1.8 -9.1
1155.8 312.6536300265842 12.899420126293336 -2.1 -9.7
1206.1 312.6456725981268 12.960095848490203 -2.1 -9.9
1257.5 312.53556930836646 12.852205393224526 -2.2 -10.4
1308.0 312.4272364324201 13.07809124233674 -2.0 -10.2
1360.0 312.5298569059996 13.229718736555819 -2.1 -9.9
1411.5 312.5302529168321 13.209838613337611 -2.2 -9.4
1463.9 312.5328609927024 13.361214485148833 -2.2 -8.8
1515.3 312.5377149150815 13.342602183014474 -1.9 -8.4
1567.9 312.6501362887428 13.41353633333215 -1.3 -8.0
1620.6 312.5542989036651 13.47966405875981 -1.0 -7.6
1673.1 312.5661000664894 13.724917382861822 -0.9 -7.6
1726.0 312.686123161819 13.536670103138974 -1.6 -7.3
1779.3 312.7029230162032 13.434595535012246 -1.9 -7.5
1833.0 312.72218806359047 13.419997377205052 -1.8 -7.2
1886.5 312.6375637648307 13.40350327818013 -1.5 -7.2
1940.7 312.55510446177453 13.301674724823563 -1.2 -7.2
1994.9 312.58162055744134 13.46206759448708 -1.0 -7.0
2049.4 312.7177269359744 9.808822011816877 -1.4 -6.5
2104.3 312.6425653818499 9.73104275382062 -1.5 -6.4
2159.7 312.5697230601327 9.850887234451623 -1.7 -6.3
2213.9 312.4992394951302 9.90612178176758 -1.9 -5.9
2269.3 312.53890855673836 9.963927856619584 -2.0 -5.7
2325.5 312.47346540120253 9.821071012674281 -1.2 -5.9
2381.0 312.6268200061513 9.881074033095665 -0.2 -6.3
2437.7 312.56679732332145 9.740121298581844 0.0 -6.0
2493.9 312.7264835461989 9.604186129932827 -0.1 -5.9
2551.2 312.56329800110245 9.402119328860364 -0.4 -5.6
2607.5 312.83829984120456 9.209377006460304 0.5 -4.9
2665.6 312.8988955453632 8.834772892437726 1.0 -4.1
2722.7 312.9626881929104 8.70964772687942 1.4 -2.9
2781.2 313.68747393412195 7.964950035710714 1.7 -1.2
2838.8 313.75913012406744 7.635117037084699 2.1 -0.3
2897.7 314.27440273197897 7.21922872414268 2.4 0.3
2956.1 314.24348025860195 7.014069458621417 2.5 0.1
3015.7 314.3261231912768 6.8635148888017445 2.0 0.0
3079.0 314.412334973929 6.811939490803607 1.7 0.6
3135.0 314.5021799078481 6.761019450225396 2.1 1.3
3194.5 314.48453966435545 6.709947494635113 2.9 2.1
3255.5 315.3615272916212 6.16146517423222 3.4 2.6
3316.5 315.4640742706081 5.813958397631771 3.6 2.5
3378.9 315.7943104485302 7.7857568690313865 3.6 2.4
3440.3 316.3537363392708 6.762130914956793 3.9 1.8
3501.8 317.480970112637 4.809111321568229 4.6 1.1
3563.9 317.4906752239121 4.666118387072226 4.9 0.1
3627.8 317.7298497560648 4.806181427283222 5.4 -0.5
3691.1 318.0869543289418 4.665243802586521 5.4 -1.4
3754.0 318.22278704409126 4.734507382166891 6.3 -1.7
3819.2 319.8399301787803 3.3160247667975793 7.3 -2.1
3883.2 321.1267383676622 1.6183146765510623 8.7 -2.2
3948.2 321.6246382489398 1.007647042085146 9.6 -2.7
4014.0 321.785829055493 0.9046705158389459 10.5 -2.7
4080.0 321.8373362666374 0.8638093458701268 11.4 -2.9
4146.6 322.12316377912947 0.8027551454458702 12.5 -3.3
4212.8 322.0691718184839 0.7800118176809043 13.1 -4.1
4281.3 322.13479273669924 0.7860447813755209 13.8 -2.9
4349.0 322.205225324627 0.7708770038728322 14.3 -2.5
4416.7 322.2805715683022 0.7222009512789253 15.0 -2.2
4486.0 322.4772072436661 0.6953389626796801 15.3 -2.7
4554.4 322.7960895361218 0.663281931856211 16.2 -2.9
4624.0 322.77083707232345 0.6442583686983184 17.1 -3.0
4694.3 322.86749701218207 0.6316758816223147 17.1 -3.0
4764.7 322.8522112292 0.6368858605267115 17.4 -4.0
4834.7 322.95964956060726 0.6604509387063624 18.6 -5.0
4906.6 323.0728075993539 0.635748905031585 18.6 -6.1
4978.4 323.07349400230936 0.5948322129742105 18.7 -5.4
5051.0 323.0795492714228 0.5943439056953946 19.5 -5.3
5123.1 323.3289727035374 0.8919793496666623 20.3 -5.4
5196.6 323.22752545026356 0.7920230828017961 21.3 -4.9
5270.5 323.48991320574225 0.5877482367260859 21.4 -5.3
5344.5 323.519710565261 0.598689469780481 21.4 -6.1
5419.6 323.6757751296585 0.6041995496474056 22.8 -6.5
5495.4 323.7181565068418 0.5492945176727718 23.2 -6.2
5569.7 323.88777277359685 0.5544635295085776 23.1 -7.1
5647.0 323.943367219043 0.549111093253415 23.3 -8.5
5723.7 323.88409122653513 0.5386305507748743 23.3 -8.0
5801.3 324.0747799702597 0.5284256848457536 23.5 -7.6
5879.0 324.0286907443465 0.5284610065551042 23.6 -8.6
5958.3 324.2343157566273 0.5085815284903406 24.5 -8.9
6038.0 324.44805365720816 0.47069611599218825 24.4 -7.9
6117.3 324.67011290279635 0.4617560133447449 24.1 -7.4
6198.0 325.14811137389614 0.4228711391545897 25.7 -7.9
6279.3 325.51229334156943 0.3869204879022217 26.4 -7.6
6362.2 325.7617822652627 0.35371226533394357 26.2 -6.5
6444.3 326.2702003778856 0.32310680785205576 27.8 -6.4
6528.0 327.1653705132655 0.24475901069057243 29.9 -6.4
6612.8 327.4461346760526 0.19196070222433265 30.4 -7.0
6698.0 327.989020965172 0.16155518488523313 30.6 -6.8
6783.4 328.1645745721506 0.14010900715234662 31.7 -7.3
6869.6 328.34994890702745 0.12822652342960056 31.6 -7.3
6958.0 328.92723544392595 0.11859929354005182 32.2 -7.4
7046.0 329.00669701250115 0.11086135014914518 33.1 -8.9
7135.3 329.6085307310201 0.11473561806976378 33.5 -9.0
7225.8 329.83833857316023 0.10602822336312807 32.9 -8.8
7316.0 329.8215139500827 0.11101668514860252 33.5 -10.2
7408.0 329.94408388209166 0.1315666894055493 33.4 -11.5
7501.0 330.2077480261814 0.1150476546533198 32.1 -12.3
7593.4 330.3534763519461 0.10879840630560235 32.6 -11.9
7687.4 330.38023574803805 0.10645818370535293 32.5 -12.5
7783.4 330.549668764897 0.10181115929852859 31.8 -12.2
7879.0 330.59994061995974 0.09735294855038201 31.2 -12.0
7978.0 330.92700663501347 0.09417101875314825 31.9 -12.9
8075.9 331.53433337243166 0.09109620387853509 32.2 -14.1
8174.0 331.8920324496963 0.08811720497993349 32.2 -13.7
8273.4 332.1314071199781 0.08523368026178292 32.7 -14.6
8376.0 332.78911709668944 0.08244956284656885 32.8 -15.3
8478.4 333.19571268999664 0.07975357165091379 32.8 -16.0
8582.0 333.4840418158412 0.07623156081414027 33.1 -16.1
8687.2 333.5169214923894 0.07734138531249991 33.4 -15.6
8793.0 333.56486220207046 0.07942564784034183 34.0 -15.1
8900.0 333.62844490612537 0.07871987750625194 34.7 -14.7
9009.2 333.570413498261 0.08087924179131424 35.7 -14.4
9119.0 333.66653479454015 0.07924468760060294 35.9 -12.4
9229.6 333.641115519371 0.08049349306361209 35.8 -10.9
9341.0 333.7724418115606 0.08178417753789663 38.0 -10.2
9455.0 333.78239662153686 0.08018384733448278 38.2 -10.2
9569.0 333.95189707580545 0.07862832432963585 39.2 -9.0
9685.5 334.000308617856 0.07618963363592009 39.8 -7.4
9802.7 334.3537303695836 0.07294328713281154 40.1 -7.1
9922.3 335.1604567093519 0.06100829867242432 39.6 -9.1
10044.0 335.4210143634463 0.050867656427415114 39.6 -11.4
10165.0 335.5615808074578 0.04741067822916408 39.5 -12.8
10289.8 335.87174359403275 0.04417398051487423 39.5 -12.1
10416.5 336.06269596789855 0.04735727960793262 39.9 -11.4
10545.0 336.2802710303126 0.04950680244051299 40.4 -10.1
10674.0 336.5257757831692 0.041666858536561345 41.3 -9.5
10805.3 336.8006056328893 0.035431899623369886 41.4 -8.8
10939.4 336.95679255681677 0.031277707577377106 41.1 -9.5
11075.3 337.29396931113956 0.02948036144834439 40.7 -8.6
11214.5 337.51399665700944 0.027783498529155334 40.8 -8.0
11354.2 337.7680952574261 0.026182105839395692 41.8 -7.4
11496.3 338.82386210447754 0.02824725600264134 44.8 -6.8
11642.5 339.7733696177127 0.0357618443044556 48.5 -5.9
11788.5 341.23677978150675 0.04228415841458649 51.3 -4.5
11942.0 342.7576963110542 0.04443508695285666 51.2 -5.6
12094.8 344.6539252126234 0.05669139628080465 51.7 -7.3
12253.1 345.03510176979916 0.05243147548404171 50.1 -8.2
12415.8 344.98750838242364 0.04424005946395983 48.8 -10.4
12578.0 344.9858581049432 0.03723152367198276 48.4 -11.6
12743.7 347.7864668891543 0.03298971384489002 49.4 -11.4
12918.7 350.35649831012483 0.02309143884502069 52.5 -9.6
13094.0 351.0487980726796 0.01362226632326132 52.2 -9.2
13274.8 353.96831130631534 0.010205528826931038 46.1 0.6
13461.0 355.84100371937734 0.007647888023406547 39.8 5.6
13656.3 357.8137146373812 0.005760484494026136 38.6 8.2
13851.0 359.8939694300192 0.004424583833325026 38.1 4.7
14054.0 362.0901180802569 0.0036112876424347668 37.7 0.0
14263.6 364.4114563774961 0.0029387200477858327 37.8 0.0
14475.0 366.8683697999441 0.0025806936865773312 37.5 -0.7
14693.0 369.4725053161225 0.0024457745955922695 38.5 -2.0
14919.0 372.2369777848504 0.002441317518192192 37.2 -3.3
15154.0 375.17661955708905 0.0022044336266813375 38.7 -3.4
15398.0 378.308284463079 0.0019030907943810291 36.7 -1.9
15650.5 381.65122086554976 0.0017206322407408317 29.0 -2.3
15917.5 385.22753325624205 0.0016261833993512775 25.9 -7.0
16192.3 389.06275853461216 0.0013683506900564605 28.2 -8.9
16484.0 408.0306561846561 0.0016500099080043536 20.3 -15.9
16984.0 419.2946387549091 0.0018150222688715573 20.3 -15.9
17484.0 431.0863294377949 0.0020000560621664626 20.3 -15.9
17984.0 443.4409931093425 0.002207984410376094 20.3 -15.9
18484.0 456.39698316006053 0.002442159010004249 20.3 -15.9
18984.0 469.9960786288503 0.002706501344895271 20.3 -15.9
19484.0 484.283865706059 0.0030056135691345267 20.3 -15.9
19984.0 499.3101704821502 0.003344913815518284 20.3 -15.9
20484.0 515.1295510517183 0.00373080196557699 20.3 -15.9
20984.0 531.8018585683632 0.004170863578253711 20.3 -15.9
21484.0 549.3928786426284 0.004674121841508998 20.3 -15.9
21984.0 567.9750666563572 0.005251350254162935 20.3 -15.9
22484.0 587.6283932254352 0.005915462496526559 20.3 -15.9
22984.0 608.441319297194 0.006682000927827709 20.3 -15.9
23484.0 630.5119243698631 0.007569751799992821 20.3 -15.9
23984.0 653.949216263426 0.008601524221299754 20.3 -15.9
24484.0 678.8746570048366 0.009805142013310618 20.3 -15.9
24984.0 705.4239470415621 0.011214714120568257 20.3 -15.9
